4830500
9502500
-67573000
-3207000
93767000
-88296000
53736000
-41753000
-55249500
-32065000
-54258500
-57065000
65835000
12247000
15914500
55137000
98484500
-122307000
67606000
37558000
-24815500
96124000
-3525500
2336000
36672500
42137000
39617000
-76500500
-4753000
17256000
-20183500
-7455000
36596000
-88583500
-5680500
60612500
-41846500
-872500
-58712000
15547000
17824000
-52986500
1076500
74471000
99993000
210926000
312350500
72254000
76051000
-116052500
-19758000
25850500
-109729500
142461000
157206500
-155962000
-145717500
149185000
195314000
171881500
251956500
-70405000
-73004000
