-80834000
12450000
8814000
10822000
-65138000
11636000
12450000
-80553000
11979000
9351000
11111000
-67913000
11545000
11979000
-84464000
14268000
7872000
13400000
-73440000
13834000
14268000
-89309000
16319000
6515000
15447000
-76845000
15883000
16319000
-98052000
16950000
7404000
16154000
-78788000
16552000
16950000
-104171000
16763000
8677000
15887000
-78491000
16325000
16763000
-110307000
14783000
12157000
13531000
-75891000
14157000
14783000
-111230500
15965500
13329500
11637500
-79158500
13801500
15965500
-114128000
15512000
14840000
10984000
-80896000
13248000
15512000
-118165500
15912500
15146500
11804500
-83581500
13858500
15912500
-119909000
15589000
15907000
12225000
-86789000
13907000
15907000
-142696000
27754000
10464000
22450000
-120904000
25102000
27754000
-145759500
29534500
10272500
22614500
-124471500
26074500
29534500
-148111500
30270500
10720500
22230500
-126215500
26250500
30270500
-148166500
27245500
13561500
20885500
-125726500
24065500
27245500
-149234500
26649500
14413500
21401500
-129450500
24025500
26649500
-152777500
28740500
14246500
21052500
-131873500
24896500
28740500
-153565500
27754500
15282500
20706500
-131973500
24230500
27754500
-153421500
27866500
16418500
21278500
-141669500
24572500
27866500
-153733500
23906500
20282500
21578500
-149901500
22742500
23906500
-156243500
24836500
19868500
22288500
-151467500
23562500
24836500
-156973500
26176500
19490500
22104500
-153093500
24140500
26176500
-157855500
26074500
20624500
21082500
-154519500
23578500
26074500
-157668500
26275500
21259500
19835500
-154332500
23055500
26275500
-159332500
27028500
20795500
20770500
-156636500
23899500
27028500
-164816500
28834500
21391500
21620500
-165352500
25227500
28834500
-166404500
28210500
22091500
21580500
-165308500
24895500
28210500
-167652500
28718500
22027500
22064500
-167644500
25391500
28718500
-169540500
26804500
25291500
19982500
-169356500
23393500
26804500
-168620500
25766500
26579500
18940500
-169684500
22353500
26579500
-169909500
23933500
28026500
18887500
-169533500
21410500
28026500
-169951500
25885500
28224500
16879500
-170455500
21382500
28224500
-101000
101000
-101000
101000
-101000
101000
101000
-721000
-117000
239000
23000
-337000
-47000
239000
-621000
-339000
739000
-83000
-2125000
-211000
739000
-199000
-529000
1177000
-517000
-2679000
-523000
1177000
-6698000
-1634000
2358000
934000
-4650000
-350000
2358000
-13417000
2547000
-1017000
5183000
-11401000
3865000
5183000
-13145000
2265000
-617000
5221000
-13097000
3743000
5221000
-13061000
2127000
-389000
5507000
-15141000
3817000
5507000
-13908000
2252000
-356000
5884000
-16500000
4068000
5884000
-13993000
2283000
-89000
5659000
-17241000
3971000
5659000
