11005500
34399000
106268500
42997000
9312000
-8775500
85921500
-61575500
31374500
441000
-7777000
-2650500
58500000
-62119000
-4419000
50613000
-21981000
-64072500
-2882000
-36196500
84652500
81320000
78640000
-58778000
-36854000
3205500
5867000
29774500
59931000
-30368000
43088500
-27557000
-11375000
65052500
-72741000
118424000
87000500
128649000
-50054500
55031500
34752500
-95400500
-96057000
29191000
-107810000
-92120500
-11381000
-55028000
-37582500
18122000
-9766500
4168500
-137529500
134203500
-69067000
-120316000
-73414500
47958000
21317500
-119341500
172359500
-62579500
19405000
-55757000
-113503500
73314000
-55464500
3788000
-11593000
62255500
-24332000
-145732000
-99177000
-204831500
-73166500
31155500
4361500
-424500
54177000
-52518500
-31086500
-16749000
20255000
44973000
34809000
-238265500
-26728500
120893500
-109157000
95758000
-11703000
54479000
-190307000
-108087000
153566000
-64824500
214006500
199597500
-146355500
-1641500
36237500
-41367500
135899500
83952500
132690000
-68339000
-98277000
83578000
-10443500
75246000
-56733500
-17587000
53882500
85219500
-65558500
-39664500
64494500
1259500
-88594500
10235500
32290500
49006000
-49786500
-49987500
41471500
-243383500
53847500
95385000
-64128000
-96563000
23759500
65484000
42767000
51254500
105444000
17886500
108759500
106680000
-135177500
41956500
-55874500
-99581000
29330500
-42891000
23416500
114076500
119587000
-19896500
-16844000
-31499000
-75386500
-31795500
99850000
101282500
21493000
-34722000
91894500
-127418000
108102000
123105500
171005000
135578000
119311500
-78451000
92461000
44274500
89421500
106114000
-1630000
34547000
171082500
-109273500
-3757000
60300500
-493000
13280000
-28344000
-9731000
196119000
-243900500
234671500
-14755000
162218500
-96323000
157538000
234361500
123439000
25760000
-12329000
-168466500
121098000
128765000
-21343500
-67688000
-117250000
-116068500
-99546500
140819500
-140220000
186103000
238860500
120330000
-285694500
194442000
-128478000
183078500
-147632000
-74865500
179745500
-166300000
-208246500
-68312000
237446500
3613000
-256249500
173322000
-24647500
-131988000
-216274500
-18840500
11508000
-132571500
338540500
-398810500
-143580500
-176132000
43943500
136810000
-163138000
1473500
-240074000
123896900
169413700
41292000
289480000
-10568000
189460700
252131500
185062500
-131763500
-146619500
-45375500
