-90000
6000
6000
6000
6000
6000
6000
-5540000
4302000
-4132000
4642000
-5444000
4472000
4642000
-8851000
5859000
-4227000
5415000
-10883000
5637000
5859000
-8918000
5810000
-4118000
5370000
-11094000
5590000
5810000
-9049000
5951000
-4185000
5411000
-11289000
5681000
5951000
-9232000
7156000
-4096000
6248000
-19808000
6702000
7156000
-18318000
7490000
-3262000
7006000
-20094000
7248000
7490000
-18209000
7413000
-3153000
7033000
-20657000
7223000
7413000
-20371000
7557000
-2323000
7417000
-25587000
7487000
7557000
-21330000
6958000
-1458000
7190000
-26514000
7074000
7190000
-21159000
6501000
-999000
6841000
-26215000
6671000
6841000
-22663000
7617000
-1591000
8225000
-31159000
7921000
8225000
-23651000
7593000
-1299000
8057000
-31155000
7825000
8057000
-57024000
37896000
-30896000
38144000
-61760000
38020000
38144000
-56249000
37081000
-30121000
37465000
-61209000
37273000
37465000
-57769000
37127000
-30009000
37771000
-61769000
37449000
37771000
-57457000
36955000
-28513000
35619000
-61761000
36287000
36955000
-57530000
36812000
-28186000
35336000
-61946000
36074000
36812000
-57361000
37163000
-27969000
34667000
-62145000
35915000
37163000
-56296000
37380000
-26728000
32372000
-62344000
34876000
37380000
-56296000
36200000
-25848000
32056000
-61640000
34128000
36200000
-70226500
37122500
-23058500
33774500
-75010500
35448500
37122500
-68442500
34420500
-21114500
32796500
-73738500
33608500
34420500
-67186500
31938500
-19618500
32410500
-72498500
32174500
32410500
-65299500
29603500
-17443500
30635500
-70995500
30119500
30635500
-67346500
31408500
-19074500
32480500
-73762500
31944500
32480500
-66442500
32806500
-18122500
29602500
-74458500
31204500
32806500
-66219500
29685500
-16763500
30461500
-73787500
30073500
30461500
-78241500
29941500
-12081500
29177500
-85745500
29559500
29941500
-77536500
29258500
-10064500
26266500
-84176500
27762500
29258500
-76388500
28704500
-8900500
24588500
-83380500
26646500
28704500
-74678500
27386500
-6758500
22286500
-83462500
24836500
27386500
-76090000
26095000
-5450000
21677000
-82298000
23886000
26095000
-75311000
25204000
-4335000
20710000
-82335000
22957000
25204000
-75759000
25058000
-4191000
21408000
-84959000
23233000
25058000
-75024000
22183000
-1392000
20033000
-85488000
21108000
22183000
-76056000
22081000
72000
17955000
-84520000
20018000
22081000
-73517500
23143500
2994500
11489500
-82981500
17316500
23143500
-77674000
26575000
342000
14425000
-88378000
20500000
26575000
-77601000
27396000
2255000
14438000
-103265000
20917000
27396000
-82525500
27857500
3618500
14819500
-109893500
21338500
27857500
-88540000
31127000
1252000
20585000
-125820000
25856000
31127000
3
