-17332000
-1122000
6892000
-1126000
-15028000
-1124000
6892000
-16683000
-2665000
7541000
-873000
-14411000
-1769000
7541000
-23750000
-118000
6202000
1550000
-19190000
716000
6202000
-23598500
542500
6785500
250500
-20286500
396500
6785500
-21958500
-1831500
9097500
-1703500
-18486500
-1767500
9097500
-21753500
-1618500
9558500
-1538500
-22969500
-1578500
9558500
-21367500
-2394500
11384500
-2010500
-29319500
-2202500
11384500
-20588500
-4553500
13539500
-3249500
-29436500
-3901500
13539500
-22555500
-5234500
14180500
-3078500
-29275500
-4156500
14180500
-26601500
-6850500
16790500
-4914500
-27081500
-5882500
16790500
-31671500
-7562500
18456500
-5450500
-27015500
-6506500
18456500
-37403500
-7826500
19284500
-5130500
-26475500
-6478500
19284500
-40313500
-8156500
19926500
-5032500
-26489500
-6594500
19926500
-40206500
-8837500
20881500
-5437500
-27982500
-7137500
20881500
-40770500
-8547500
21173500
-5535500
-29938500
-7041500
21173500
-41939500
-8488500
21556500
-5664500
-30787500
-7076500
21556500
-42149500
-8388500
22594500
-7400500
-30261500
-7894500
22594500
-41629500
-8974500
23530500
-8202500
-30845500
-8588500
23530500
-44243000
-8386000
24381000
-8654000
-33883000
-8520000
24381000
-44843000
-9532000
25861000
-9900000
-32595000
-9716000
25861000
-44601000
-9532000
26999000
-11388000
-33713000
-10460000
26999000
-47542500
-8547500
26097500
-9971500
-34966500
-9259500
26097500
-48676500
-9177500
27171500
-10397500
-36052500
-9787500
27171500
-72995500
8995500
10932500
7947500
-60371500
8471500
10932500
-73665500
9553500
10502500
8509500
-61601500
9031500
10502500
-74649500
8495500
11550500
8159500
-61273500
8327500
11550500
-79170500
11730500
10389500
8786500
-65234500
10258500
11730500
-86886500
11540500
11025500
10100500
-65830500
10820500
11540500
-87725500
8713500
11690500
12213500
-66125500
10463500
12213500
-82205500
7205500
17274500
2653500
-60877500
4929500
17274500
-79876500
786500
22611500
-101500
-58532500
342500
22611500
-77393000
-2758000
25815000
-2462000
-56617000
-2610000
25815000
-83141500
-4298500
28066500
-3386500
-54517500
-3842500
28066500
-71571000
-13798000
40813000
-13646000
-63531000
-13722000
40813000
-85380500
-14498500
44939500
-16710500
-59420500
-15604500
44939500
-82272000
-17340000
48744000
-21212000
-55984000
-19276000
48744000
-82377000
-18319000
49135000
-20767000
-56089000
-19543000
49135000
-80096000
-18687000
51424000
-24935000
-53960000
-21811000
51424000
-5000
5000
-5000
5000
-5000
5000
5000
313000
-1043000
1433000
-1043000
-567000
-1043000
1433000
809000
-4065000
3385000
-1317000
409000
-2691000
3385000
-2258000
-2312000
3646000
-1588000
-4018000
-1950000
3646000
