-185657500
113501000
86095000
93089000
-101845000
-799500
176992000
-89570500
-124803000
354671500
293036500
69267500
386747500
-342293500
-198814000
-209126500
328574500
233173500
185724000
-258021500
-282077000
-275376000
85373500
-425951500
-31218000
311811000
-273590000
189678500
-444624000
33007500
-92682000
214324500
-195610000
-279440000
320651000
-42567000
-355161500
126266500
-133454000
217112000
22285500
288544500
185621500
293258000
290963500
-312309500
-42148500
109055500
-1376500
256696000
-257504500
7588500
165110000
-155727500
-114090500
42594000
152169000
171157500
-105376500
-127954500
137463500
-5959500
231362000
304228500
228851000
238284500
192956500
324768500
-227452000
177630500
-103727000
-216802500
-53284000
-108918000
-93237000
149072500
285320000
-258814000
-175320000
-170056000
91738000
139746000
-105035500
-174115500
-80221500
-8055000
132630500
-35381500
178742500
-245087500
-23313000
-78377000
164491500
-65694000
174406500
261282500
-134893500
141529000
-25000000
55043000
-162171500
76248500
196322500
161951500
-80254000
-49143000
-103380000
7471000
-139469500
-214797000
-129178500
221496000
-71063500
-136779500
2384500
-85997500
98566000
-62909000
191909000
251041000
-95281500
276969000
-117782000
199129500
-135672500
-124341000
-79669000
89103000
-70425500
165194500
254920500
5529500
286040500
796000
462151000
393120500
423839500
379573500
-251650500
110177500
14316500
74854000
32313000
73942500
-103123500
240989500
-201003500
-116521000
125644000
-48024500
208137000
-174024500
164812500
208717000
248883500
-229221000
9712500
121638000
134022500
204558500
-63628500
110895500
132160500
121546500
-67124000
328500
1885500
-45475500
-142737000
98274000
-108194000
141387500
-39013500
89998500
-126181500
61034000
-54006000
-23784000
196341500
140122500
-76551000
