168554500
161990000
-250219500
109050000
-10132500
162807000
-104568500
74739000
80021000
47616000
199002000
-164586000
-35584000
13691000
-296041500
112029000
-155505500
241863500
-85041500
23381000
8300000
25956500
9682000
112671000
26066500
-18668000
-32638500
50451000
130681500
-100540000
-44861000
5914500
-2757500
-249639000
-33562500
-167622000
51339000
-113543000
90128500
-83696500
166733000
-46490500
118829500
-48544000
8262500
87899000
-28801500
-51807500
41870000
50338000
4362500
118121000
-73385500
-184291500
-30975500
100777500
-88075000
61376000
-88535500
23556500
98371000
173159500
163634000
127730000
123784500
-98839000
75322500
54907000
6009000
131956000
98139000
81658000
113845500
120885000
-107542500
-19139000
31511000
-1375500
-10824500
-53209500
23915500
67789000
-188363500
94598000
-125546000
-92926000
143327000
-61247000
97723000
-73462500
5010000
13372000
-13186500
44685000
-40980000
-80913500
-103376000
-30272000
-7858000
68746500
-13007500
105543000
-106897000
107265500
-76588000
172851500
-54996000
-62444000
-20710000
-57547000
70046500
149320500
162581000
327464000
84297500
98588500
-28547500
61841500
1266500
-117666500
56751000
-116751500
-90072500
54799000
50570000
148210000
131339000
177824500
-1554500
-61745500
-16228500
60181000
-100094000
26515500
11922500
91218000
-1300000
-178101000
172022000
-73314000
3590500
-108005000
-6395000
-42563000
164606000
62731000
-31826000
-58809000
-10867500
139422000
-95122000
30053000
40966000
34322500
53649800
104326500
122735500
107695500
-133775500
-3633500
84179000
29802500
42467500
-20619500
-490000
59043000
43574500
44541000
23771500
-36646500
39098000
58311000
94381500
-45133000
74935000
22143500
-4202500
-68888500
-294500
14601000
27545500
-34832000
-86780500
30143500
77844500
-161723000
-92284000
42055000
-8146000
36461500
29118500
5266000
114142500
-102728000
36084000
78803000
-51810500
-63304500
-41437000
-82880000
44294500
-45458000
43378000
-7655500
-42724000
29783000
-62540500
53284500
50963500
21317000
-29563000
17711500
-69804000
64464500
14450000
37802000
