72000000
38828000
49354000
49162000
-73079500
43321500
-29433000
-27935500
-154976000
24519000
-1081500
99821500
-16467500
81938000
43559000
31849500
55644500
-68473000
18326500
10076500
61170000
-44047000
-198666500
79419000
-22018000
3890000
1255500
47134000
-31239500
42901500
-202764000
10838500
-106429000
105193500
91341000
-66294500
-24643000
2592500
5802000
-58938000
-9045500
-48170000
-1821000
983500
106647500
-127645000
35281500
40023500
97781500
-46003500
-12542000
-77596000
-152543500
-59360500
-148818000
-47169500
37130500
13288500
112383000
155296500
63024000
-93356000
-34067000
120534000
-7088500
-52562500
-162910500
47047000
-46619500
-92593500
43296500
34186000
2485500
49323000
168867000
-64835500
101983500
96753500
-13281000
107738000
42941500
35467000
-1004500
13729500
17378500
-104529000
39248000
-25537000
-7666500
55902000
-3996000
-20125500
-47641500
6190500
53481000
24945000
-4008500
47917500
-31904000
-26232000
68542500
64523000
107498500
90538500
94887500
118349000
76505000
91457500
-71893500
-6264500
-18868000
-22695500
55834500
23789500
48247000
120327500
-85829000
-91316000
103423500
-97820500
76828000
-16949500
17275000
-128632500
81102500
-54384000
-94542000
94505000
4111500
20722500
-60885500
67080500
61533500
40812000
80973000
-46310500
-55618000
-61970500
-15744500
15399500
65592500
-23039500
-154733500
99380000
44378000
-65579500
101032000
9671000
42420000
19340500
-19953000
-35457000
64243500
-59573500
-69607000
41136500
-5681000
-50124000
12285500
-138977000
51793000
-41754000
80589500
-72341000
-10106500
-20254000
38010500
151984000
-24413500
117537000
19055000
31732500
-55094000
127673000
77059000
-65895500
-30595500
-34883500
33325000
-73958500
86720000
-46460500
-2476000
82164500
-88992500
-68340000
54299000
71072000
197181000
-92989000
-17551000
-2278000
51959000
-7541000
45777000
-3168000
-56659000
-52019000
-9890500
-23182000
2445500
21221500
22305500
-75320500
20005000
83275500
-20742000
-41776000
49849000
-17169000
-3032000
10212500
16065000
64871000
15630000
34701000
-144878000
-94337500
-73672500
-57128500
81259500
-103645500
76839000
-82810000
-133238000
-109381000
152978500
-52121000
85293500
11672000
-27707000
35528000
-13458500
44465500
50496000
-6869500
-102200500
19585000
50875000
117732000
-66551000
-75486500
-76114000
43473000
82695500
-16990500
-25032500
18366000
68687000
567000
-132400500
88759000
30225000
-36149000
42638000
82904500
70662000
97225000
112772500
113553500
124721000
149188000
113450000
-62453500
22614500
93019000
-55925000
20011500
61376500
-15932000
-65774000
85362500
58082000
66625500
110916500
65691500
118622000
106426000
75545000
57810000
73135000
86013000
-77285000
-3417000
76991000
49860000
-31614500
-109222500
-49383000
129576500
113291000
-24863000
-16370000
39702500
6136000
-60287000
-9738000
50109500
9241500
94473000
80208500
-51882500
93909500
-48088000
45615500
-4237500
5751500
72246500
60892000
-42155000
106895500
142925500
-103628500
111004500
69962000
-51678500
73261000
48951500
2836000
62748500
-90157500
-24863500
-4193500
42538000
13741500
70781000
-66719500
-63930500
68532000
45206500
103026000
181821000
-31985000
148648000
-18808000
-163665500
-53778000
-85664000
8212000
-6117500
-49313000
24027000
-165720500
-32477000
-30243000
21386000
17227000
58284000
79228500
-70862000
122457500
-11029000
-45565000
88026500
62521000
95934500
-83244500
82600500
-9894500
13100000
105434500
-24273500
43853000
65967500
100429000
103523500
94580000
4370000
23286500
45129000
15360000
17927000
66741000
29911000
106466500
-45388000
150589000
32734500
51107000
-71560000
-34959500
24048500
1756500
3181000
82577500
-7725000
30515000
-24993500
-9866500
38236000
73473000
78703500
-52062500
73258500
44884000
-13175000
-27562500
52872000
30531500
-20778500
9604500
37053000
-2288500
-7209000
-102236500
116619500
-85105000
-77918500
-62803000
76760500
-14133500
-307622500
13631500
13923500
30121000
-32026500
-35435000
-59713500
84727500
-99269000
-41570500
-17886000
-30953000
-37761000
124595000
146854000
-36130500
-49453000
9307000
82067000
-27436000
62096500
55653500
-26457500
174252500
-77101000
10918000
115999000
75306500
-13538500
80779500
14573500
-21168500
-111000500
110763000
-88916000
66548000
-70380000
12521500
104526500
64893000
111183500
54810500
-4625500
-3734500
-124838500
71391000
47494000
-165914000
-42339000
115290000
-89882000
97770000
52668500
39811500
-29115000
67528500
14195500
29089500
20098000
-49656000
-9849000
27916500
25759000
-75824000
-104748000
-29019500
-50904500
-158825500
-62201500
-34525500
-63079000
21786500
85063000
-16359000
-44657000
78966500
57425500
142421000
-91376500
32507500
59334500
-51363000
98520000
159288500
-112758000
-34000500
-158739500
-11075000
-24139500
-14993500
20226000
-67042000
-112169000
134418500
-40222000
-81344000
131553000
144589500
105137000
120020500
-85602500
-27979500
22909000
15401000
2645500
48045500
87359000
-30509000
-21411000
-27765500
61645000
-78592500
74859000
-103419500
111453500
68568500
69687500
-44434500
7005000
-28071000
19846000
51929500
-81322000
127118000
-13908500
-30010000
25297000
-163334000
-21582500
-6190000
14473000
44919500
32934500
75435500
-72421000
1443500
103259000
-34301500
88462500
41206000
44011000
71746000
64656000
46238000
-70775000
-41102000
-10609000
-21564000
49557000
37368000
49804000
67536500
2543500
75849000
93393500
-52965000
89370500
-3878000
14503500
104862500
3455000
-5992000
51541500
28036500
-28044500
-108130000
-10918500
48447000
51894000
-24713500
-123563500
-24009500
-34184000
-102133500
7518000
81315000
-59579000
-45892000
97683500
-60400500
-32266000
39473500
-56435500
-31877500
71853500
83310500
-43473500
79429500
10402500
51604000
29630500
101457500
77937500
-83304000
-52564000
53708500
37183500
15216500
-85000
17673000
-53508500
61808000
175656500
137676000
-80067500
-55076500
-2602500
20497000
3915500
67742500
33033500
-1788000
11068000
-94639500
53201000
-103414000
66503000
-101241000
-54296500
-21537000
-108653000
-4872000
-7863000
-57843000
62483000
-41722500
99231000
-44497000
-117411500
142579500
-34024000
-15865500
-144116000
6566500
-101174500
1686500
-31937000
62676000
-29641000
37040000
40558500
-27212500
-73758000
65189500
158182500
177243000
123908500
-41062500
67149000
16164500
13393500
-1832500
43764000
-11964500
90222000
48659000
-18850500
43409500
-15068500
75533000
18512500
11284000
-16751000
-155057000
-83371000
84021000
-105545000
41118500
-113935000
95946500
-13764000
-160630500
-65858500
-24277500
30182000
-54354000
-43050500
7737000
-54745000
114286000
-67444000
16789500
14153500
-123168500
132518000
242707500
206088500
-161555000
129272500
22310500
-69891000
108826500
-100063500
101285000
58138500
102416500
-175726500
-36504500
66882000
-34970000
114692000
174726000
-65117000
-250733000
-57260500
86810000
90179000
-161276000
-26006500
-118718500
-65708500
-114118500
200922000
235660000
-133725500
-63904000
-32114000
67252000
-52294000
-1230000
40372500
-62713000
104100500
158316500
-187797000
106143500
108582500
192322000
-354441500
-134718500
-66795500
29231500
28936000
-43050500
95481000
-77827000
-123946000
-275945000
18551000
12665000
90185000
-126684500
17856500
-265676000
61704000
117721000
166087000
212309500
237875500
-84676500
-28696000
75815500
40904000
-43513500
-68286500
6000000
44950000
-3881000
-65117000
17729500
-206013500
101022000
-88033500
-77298000
94964500
-6015500
-137430000
-15022000
-40794500
32790500
52014000
15908500
55531000
68753500
-50045000
94339500
-2948500
-80705500
62767000
-12691500
92892000
125005500
-57541500
-19897500
23679500
45247500
-79822500
169046500
17293000
132776500
-228588000
-111068500
-161157500
-20010000
66024000
-50652000
-100026500
73276000
52348500
16982000
62019500
69740000
-60755500
-106705500
10312000
23287500
50601000
-83233000
-29399500
-40608500
-124114500
85810000
-66626000
-80774500
-41013000
132046000
157323500
-118478000
-136153500
71042000
-114696000
-50957000
77139000
-4625500
-38815500
29075000
29318000
65587500
69669000
106062000
92135000
127600000
81976000
-161135000
121421000
58919500
73145000
98494000
-81342500
45393000
16992000
9412000
39814000
87312000
24475000
61863000
70294000
64299500
-18804500
34800500
-2094500
-4302500
131976500
132002000
-91285500
-99817000
-8329000
24950000
53631500
64951000
85524000
73283500
-44815500
-64765000
-71672000
-23541000
42040000
117592500
-113561000
103027000
-97163500
-142897500
-43784500
28109000
98710000
108751000
56322000
27875000
-21731000
175186500
-6648000
100969000
78530000
-77717500
-78149500
54198500
-278683500
-57583500
-54718500
-220562000
103525500
155521500
269651000
288771000
-161891000
109015000
-22407500
33409000
31114000
13462500
94576500
-30690000
-97690500
-169427000
-58677500
-82456500
-76151500
-23977500
57030500
-67668000
-42951000
103734000
-5501500
41258000
69685000
111583000
-107717000
-54373000
81952000
-112485500
-127142500
114134000
-18659000
24990500
-84401500
-23754500
-25844000
38495500
57448000
24149000
76275500
164830000
164999000
-126344000
-86346000
-82991000
-10655000
51043000
-7490000
47714500
6707000
139027000
-20621500
2563500
60015500
-20277500
